epoch,accuracy,loss,val_accuracy,val_loss
0,0.579373836517334,1.492409348487854,0.6243094205856323,1.2595468759536743
1,0.6413750648498535,1.2051525115966797,0.549723744392395,2.074308395385742
2,0.6557397246360779,1.136518955230713,0.6390423774719238,1.4955464601516724
3,0.664702296257019,1.0912889242172241,0.6325966715812683,1.4911940097808838
4,0.6691221594810486,1.0420958995819092,0.6593002080917358,1.4490609169006348
5,0.6705954670906067,1.0502692461013794,0.6464088559150696,1.3904396295547485
6,0.679926335811615,1.0374540090560913,0.6436464190483093,1.490016222000122
7,0.676365852355957,1.01797616481781,0.6593002080917358,1.316099762916565
8,0.6746470332145691,1.0403938293457031,0.6510128974914551,1.3211307525634766
9,0.683118462562561,0.9888808727264404,0.6344382762908936,1.4164992570877075
10,0.6815224289894104,0.9858503937721252,0.6593002080917358,1.34038507938385
11,0.6871700286865234,0.9782496094703674,0.6473296284675598,1.4286894798278809
12,0.6793124675750732,0.9944295287132263,0.6482504606246948,1.383008360862732
13,0.676734209060669,0.9931049346923828,0.6390423774719238,1.4879684448242188
14,0.684223473072052,0.9915280938148499,0.6298342347145081,1.39289391040802
15,0.6882750391960144,0.9713478684425354,0.6574585437774658,1.414821743965149
16,0.6871700286865234,1.0126771926879883,0.6445671916007996,1.4465901851654053
17,0.6854512095451355,0.9967511892318726,0.6399631500244141,1.4711023569107056
18,0.6853284239768982,0.9659505486488342,0.6372007131576538,1.4314366579055786
19,0.6861878633499146,0.9797877669334412,0.6436464190483093,1.4368265867233276
20,0.6828729510307312,1.0077989101409912,0.6243094205856323,1.399882435798645
21,0.682381808757782,1.063872218132019,0.6316758990287781,1.5176372528076172
22,0.6813996434211731,1.0524166822433472,0.6372007131576538,1.6421959400177002
23,0.6827501654624939,1.0853033065795898,0.6537753343582153,2.434379816055298
24,0.671454906463623,1.0683265924453735,0.6316758990287781,2.7887344360351562
