epoch,accuracy,loss,val_accuracy,val_loss
0,0.6127685904502869,1.197009563446045,0.6565377712249756,1.0344477891921997
1,0.6719459891319275,0.9763861894607544,0.6482504606246948,0.9837877154350281
2,0.6852056384086609,0.9167568683624268,0.6915285587310791,0.9285968542098999
3,0.7091467380523682,0.8695318698883057,0.7062615156173706,0.8809186220169067
4,0.722160816192627,0.8334590792655945,0.6961326003074646,0.8932862877845764
5,0.7343155145645142,0.809883177280426,0.7173112630844116,0.8917929530143738
6,0.7382442951202393,0.7807698845863342,0.7163904309272766,0.8409264087677002
7,0.7490484714508057,0.7658469676971436,0.7578268647193909,0.7884284257888794
8,0.7560466527938843,0.7411964535713196,0.7550644278526306,0.7718828916549683
9,0.76341313123703,0.7228436470031738,0.7329649925231934,0.7555042505264282
10,0.7717618346214294,0.7101783156394958,0.7688766121864319,0.7393257021903992
11,0.7797421813011169,0.6841788291931152,0.7670350074768066,0.7496145963668823
12,0.7823204398155212,0.6756128668785095,0.7578268647193909,0.728681743144989
13,0.7839165329933167,0.66842120885849,0.7707182168960571,0.7394664287567139
14,0.7866175770759583,0.6571963429450989,0.7725598812103271,0.7092306613922119
15,0.7862492203712463,0.6495811343193054,0.7569060921669006,0.7102320194244385
16,0.7968078851699829,0.637317955493927,0.7661141753196716,0.7014859318733215
17,0.7957028746604919,0.6330628991127014,0.7762430906295776,0.6897456645965576
18,0.7986494898796082,0.6208938956260681,0.7771639227867126,0.6659351587295532
19,0.7998772263526917,0.6150842905044556,0.7808471322059631,0.6498667001724243
20,0.8041743636131287,0.6075690388679504,0.7918968796730042,0.6375470161437988
21,0.8047882318496704,0.598822832107544,0.7900552749633789,0.6560688018798828
22,0.8069981336593628,0.5944739580154419,0.7790055274963379,0.6786378026008606
23,0.8051565289497375,0.5924515128135681,0.7836095690727234,0.6360242366790771
24,0.8045426607131958,0.5870057940483093,0.7992633581161499,0.6632887125015259
25,0.8139963150024414,0.5781156420707703,0.7965009212493896,0.6215458512306213
26,0.8105586171150208,0.576215922832489,0.7918968796730042,0.6240545511245728
27,0.8115408420562744,0.5634949803352356,0.7826887369155884,0.6583561897277832
28,0.8114180564880371,0.5734136700630188,0.8093922734260559,0.6183333396911621
29,0.8143646121025085,0.5666388869285583,0.7974217534065247,0.6135623455047607
30,0.8146101832389832,0.5614804625511169,0.7955800890922546,0.6407999992370605
31,0.8138735294342041,0.5586751699447632,0.8066298365592957,0.6212885975837708
32,0.8189073204994202,0.5485697388648987,0.7974217534065247,0.6511180996894836
33,0.8239410519599915,0.5412936210632324,0.8112338781356812,0.596602737903595
34,0.8241866230964661,0.5418086051940918,0.8029465675354004,0.5971322655677795
35,0.8190301060676575,0.5418128967285156,0.8075506687164307,0.601690948009491
36,0.8229588866233826,0.5381622910499573,0.8075506687164307,0.6097612977027893
37,0.8214855790138245,0.542847752571106,0.8204419612884521,0.5869892835617065
38,0.8240638375282288,0.5337605476379395,0.8093922734260559,0.5963937044143677
39,0.823449969291687,0.5324926376342773,0.8057090044021606,0.5849340558052063
