epoch,accuracy,loss,val_accuracy,val_loss
0,0.4937998652458191,1.5111169815063477,0.5626150965690613,1.3694909811019897
1,0.5467157959938049,1.3487417697906494,0.479742169380188,1.4826165437698364
2,0.5717618465423584,1.301530361175537,0.5874769687652588,1.3183506727218628
3,0.5853897929191589,1.2600277662277222,0.5561694502830505,1.368949055671692
4,0.589318573474884,1.228407859802246,0.5985267162322998,1.2378493547439575
5,0.5991405844688416,1.197182297706604,0.5681399703025818,1.2627367973327637
6,0.6201350688934326,1.1603325605392456,0.6077347993850708,1.2508825063705444
7,0.6232044100761414,1.1444514989852905,0.6022099256515503,1.2172993421554565
8,0.6282382011413574,1.129720687866211,0.5,1.314012885093689
9,0.626642107963562,1.120180606842041,0.5349907875061035,1.26653254032135
10,0.6313075423240662,1.113005518913269,0.48342540860176086,1.3059872388839722
11,0.632658064365387,1.1156238317489624,0.5174953937530518,1.2708534002304077
12,0.6364640593528748,1.1035492420196533,0.5837937593460083,1.228890061378479
13,0.6410067677497864,1.0918205976486206,0.5064456462860107,1.3100537061691284
14,0.6408839821815491,1.0882319211959839,0.5027624368667603,1.3044458627700806
15,0.6412522792816162,1.0778533220291138,0.5957642793655396,1.1832083463668823
16,0.6400245428085327,1.0895119905471802,0.5276243090629578,1.2986923456192017
17,0.6520564556121826,1.0752450227737427,0.5828729271888733,1.2241029739379883
18,0.6421117186546326,1.0798497200012207,0.610497236251831,1.2046375274658203
19,0.6464088559150696,1.0752384662628174,0.619705319404602,1.173582673072815
20,0.6472682356834412,1.072875738143921,0.5285451412200928,1.2860196828842163
21,0.6542664170265198,1.0666507482528687,0.4990791976451874,1.3421441316604614
22,0.6481276750564575,1.0692464113235474,0.5248618721961975,1.2830694913864136
23,0.6521792411804199,1.0627248287200928,0.5589318871498108,1.2401231527328491
24,0.6531614661216736,1.0627001523971558,0.5184162259101868,1.2854456901550293
