epoch,train_loss,train_acc,val_loss,val_acc,time
1,0.07565530389547348,0.49625536799430847,0.07010205835103989,0.5423572659492493,147.09466123580933
2,0.07018504291772842,0.5435236096382141,0.06902553141117096,0.5386740565299988,146.6771743297577
3,0.06893002986907959,0.5492940545082092,0.0680658370256424,0.5386740565299988,146.66761326789856
4,0.06846853345632553,0.5497851371765137,0.06783705204725266,0.5460405349731445,146.6474311351776
5,0.0677994042634964,0.5539594888687134,0.06749402731657028,0.5478821396827698,146.87190747261047
6,0.0678441971540451,0.554205060005188,0.06774325668811798,0.5469613075256348,147.10394144058228
7,0.06708870828151703,0.5596071481704712,0.06771446764469147,0.5451197028160095,146.81003141403198
8,0.06713496893644333,0.5599754452705383,0.06674913316965103,0.55064457654953,146.7853605747223
9,0.06665721535682678,0.5602210164070129,0.0669688954949379,0.5488029718399048,146.98540234565735
10,0.06660616397857666,0.5621854066848755,0.0669834092259407,0.5570902228355408,146.94871044158936
11,0.06682928651571274,0.5620626211166382,0.06656581163406372,0.5524861812591553,146.90142679214478
12,0.06642593443393707,0.5639042258262634,0.06678727269172668,0.5524861812591553,147.0204930305481
13,0.06644517183303833,0.5618170499801636,0.06617823988199234,0.5570902228355408,146.6804506778717
14,0.06614482402801514,0.5673419237136841,0.06623364239931107,0.5589318871498108,146.92617654800415
15,0.06606386601924896,0.5664824843406677,0.06582671403884888,0.5561694502830505,146.92634177207947
16,0.0660095140337944,0.5653775334358215,0.06553324311971664,0.5616942644119263,146.87227988243103
17,0.06585178524255753,0.5679557919502258,0.06652014702558517,0.5543277859687805,146.83072566986084
18,0.0658881664276123,0.5680785775184631,0.06562373787164688,0.5662983655929565,146.941424369812
19,0.06573792546987534,0.5716390609741211,0.0656346008181572,0.5570902228355408,146.84581971168518
20,0.06574328243732452,0.563413143157959,0.0656491294503212,0.559852659702301,146.97522807121277
21,0.06573030352592468,0.5675874948501587,0.06587943434715271,0.5552486181259155,146.77436900138855
22,0.06556881219148636,0.5695518851280212,0.06585201621055603,0.5570902228355408,146.88087439537048
23,0.06538480520248413,0.5685696601867676,0.0659947320818901,0.5626150965690613,146.81119990348816
24,0.06548349559307098,0.5702885389328003,0.06546803563833237,0.5570902228355408,146.77341747283936
25,0.0654459074139595,0.5655003190040588,0.06626614928245544,0.5626150965690613,146.72035598754883
