epoch,train_loss,train_acc,val_loss,val_acc,time
1,nan,0.1447513848543167,nan,0.1224677711725235,389.3103561401367
2,nan,0.1445058286190033,nan,0.1224677711725235,388.27670907974243
3,nan,0.1445058286190033,nan,0.1224677711725235,388.157333612442
4,nan,0.1445058286190033,nan,0.1224677711725235,388.1667900085449
5,nan,0.1445058286190033,nan,0.1224677711725235,388.02952885627747
6,nan,0.1445058286190033,nan,0.1224677711725235,388.7357134819031
7,nan,0.1445058286190033,nan,0.1224677711725235,390.3407475948334
8,nan,0.1445058286190033,nan,0.1224677711725235,392.3519892692566
9,nan,0.1445058286190033,nan,0.1224677711725235,388.03333950042725
10,nan,0.1445058286190033,nan,0.1224677711725235,388.02970266342163
11,nan,0.1445058286190033,nan,0.1224677711725235,388.21798849105835
12,nan,0.1445058286190033,nan,0.1224677711725235,388.14140462875366
13,nan,0.1445058286190033,nan,0.1224677711725235,393.13162660598755
14,nan,0.1445058286190033,nan,0.1224677711725235,388.28572249412537
15,nan,0.1445058286190033,nan,0.1224677711725235,388.3574378490448
16,nan,0.1445058286190033,nan,0.1224677711725235,388.39666771888733
17,nan,0.1445058286190033,nan,0.1224677711725235,388.3797676563263
18,nan,0.1445058286190033,nan,0.1224677711725235,388.1181695461273
19,nan,0.1445058286190033,nan,0.1224677711725235,388.00501227378845
20,nan,0.1445058286190033,nan,0.1224677711725235,388.22185707092285
21,nan,0.1445058286190033,nan,0.1224677711725235,387.998202085495
22,nan,0.1445058286190033,nan,0.1224677711725235,388.0715157985687
23,nan,0.1445058286190033,nan,0.1224677711725235,388.1213014125824
24,nan,0.1445058286190033,nan,0.1224677711725235,388.09117603302
25,nan,0.1445058286190033,nan,0.1224677711725235,388.29596400260925
