epoch,train_loss,train_acc,val_loss,val_acc,time
1,1.5111169815063477,0.4937998652458191,1.3694909811019897,0.5626150965690613,148.8084535598755
2,1.3487417697906494,0.5467157959938049,1.4826165437698364,0.479742169380188,148.25234746932983
3,1.301530361175537,0.5717618465423584,1.3183506727218628,0.5874769687652588,148.1959512233734
4,1.2600277662277222,0.5853897929191589,1.368949055671692,0.5561694502830505,148.34265041351318
5,1.228407859802246,0.589318573474884,1.2378493547439575,0.5985267162322998,148.26091623306274
6,1.197182297706604,0.5991405844688416,1.2627367973327637,0.5681399703025818,148.4225857257843
7,1.1603325605392456,0.6201350688934326,1.2508825063705444,0.6077347993850708,148.32240343093872
8,1.1444514989852905,0.6232044100761414,1.2172993421554565,0.6022099256515503,148.17010927200317
9,1.129720687866211,0.6282382011413574,1.314012885093689,0.5,148.20016479492188
10,1.120180606842041,0.626642107963562,1.26653254032135,0.5349907875061035,147.98747301101685
11,1.113005518913269,0.6313075423240662,1.3059872388839722,0.48342540860176086,148.2000002861023
12,1.1156238317489624,0.632658064365387,1.2708534002304077,0.5174953937530518,148.46414756774902
13,1.1035492420196533,0.6364640593528748,1.228890061378479,0.5837937593460083,148.24547934532166
14,1.0918205976486206,0.6410067677497864,1.3100537061691284,0.5064456462860107,148.18206310272217
15,1.0882319211959839,0.6408839821815491,1.3044458627700806,0.5027624368667603,148.21602272987366
16,1.0778533220291138,0.6412522792816162,1.1832083463668823,0.5957642793655396,147.99230217933655
17,1.0895119905471802,0.6400245428085327,1.2986923456192017,0.5276243090629578,148.13650584220886
18,1.0752450227737427,0.6520564556121826,1.2241029739379883,0.5828729271888733,148.25631260871887
19,1.0798497200012207,0.6421117186546326,1.2046375274658203,0.610497236251831,148.35773611068726
20,1.0752384662628174,0.6464088559150696,1.173582673072815,0.619705319404602,148.4134361743927
21,1.072875738143921,0.6472682356834412,1.2860196828842163,0.5285451412200928,148.0963773727417
22,1.0666507482528687,0.6542664170265198,1.3421441316604614,0.4990791976451874,148.21028971672058
23,1.0692464113235474,0.6481276750564575,1.2830694913864136,0.5248618721961975,148.1483335494995
24,1.0627248287200928,0.6521792411804199,1.2401231527328491,0.5589318871498108,148.25483775138855
25,1.0627001523971558,0.6531614661216736,1.2854456901550293,0.5184162259101868,148.20100569725037
