epoch,train_loss,train_acc,val_loss,val_acc,time
1,1.197009563446045,0.6127685904502869,1.0344477891921997,0.6565377712249756,242.51731514930725
2,0.9763861894607544,0.6719459891319275,0.9837877154350281,0.6482504606246948,241.54559636116028
3,0.9167568683624268,0.6852056384086609,0.9285968542098999,0.6915285587310791,241.62017464637756
4,0.8695318698883057,0.7091467380523682,0.8809186220169067,0.7062615156173706,241.65620875358582
5,0.8334590792655945,0.722160816192627,0.8932862877845764,0.6961326003074646,241.8526120185852
6,0.809883177280426,0.7343155145645142,0.8917929530143738,0.7173112630844116,242.6182677745819
7,0.7807698845863342,0.7382442951202393,0.8409264087677002,0.7163904309272766,241.87900972366333
8,0.7658469676971436,0.7490484714508057,0.7884284257888794,0.7578268647193909,241.55656671524048
9,0.7411964535713196,0.7560466527938843,0.7718828916549683,0.7550644278526306,242.13589930534363
10,0.7228436470031738,0.76341313123703,0.7555042505264282,0.7329649925231934,241.76374530792236
11,0.7101783156394958,0.7717618346214294,0.7393257021903992,0.7688766121864319,242.07886672019958
12,0.6841788291931152,0.7797421813011169,0.7496145963668823,0.7670350074768066,241.70606136322021
13,0.6756128668785095,0.7823204398155212,0.728681743144989,0.7578268647193909,241.65255689620972
14,0.66842120885849,0.7839165329933167,0.7394664287567139,0.7707182168960571,241.8740200996399
15,0.6571963429450989,0.7866175770759583,0.7092306613922119,0.7725598812103271,241.54959869384766
16,0.6495811343193054,0.7862492203712463,0.7102320194244385,0.7569060921669006,242.00320434570312
17,0.637317955493927,0.7968078851699829,0.7014859318733215,0.7661141753196716,241.46669936180115
18,0.6330628991127014,0.7957028746604919,0.6897456645965576,0.7762430906295776,241.83818244934082
19,0.6208938956260681,0.7986494898796082,0.6659351587295532,0.7771639227867126,241.96830224990845
20,0.6150842905044556,0.7998772263526917,0.6498667001724243,0.7808471322059631,241.62090373039246
21,0.6075690388679504,0.8041743636131287,0.6375470161437988,0.7918968796730042,241.8362877368927
22,0.598822832107544,0.8047882318496704,0.6560688018798828,0.7900552749633789,241.7926652431488
23,0.5944739580154419,0.8069981336593628,0.6786378026008606,0.7790055274963379,241.2476770877838
24,0.5924515128135681,0.8051565289497375,0.6360242366790771,0.7836095690727234,241.44662499427795
25,0.5870057940483093,0.8045426607131958,0.6632887125015259,0.7992633581161499,241.63706278800964
26,0.5781156420707703,0.8139963150024414,0.6215458512306213,0.7965009212493896,241.96915340423584
27,0.576215922832489,0.8105586171150208,0.6240545511245728,0.7918968796730042,241.51094770431519
28,0.5634949803352356,0.8115408420562744,0.6583561897277832,0.7826887369155884,241.96996974945068
29,0.5734136700630188,0.8114180564880371,0.6183333396911621,0.8093922734260559,241.72483611106873
30,0.5666388869285583,0.8143646121025085,0.6135623455047607,0.7974217534065247,241.78416323661804
31,0.5614804625511169,0.8146101832389832,0.6407999992370605,0.7955800890922546,241.77597999572754
32,0.5586751699447632,0.8138735294342041,0.6212885975837708,0.8066298365592957,241.95663118362427
33,0.5485697388648987,0.8189073204994202,0.6511180996894836,0.7974217534065247,241.6517596244812
34,0.5412936210632324,0.8239410519599915,0.596602737903595,0.8112338781356812,241.4958667755127
35,0.5418086051940918,0.8241866230964661,0.5971322655677795,0.8029465675354004,241.88013529777527
36,0.5418128967285156,0.8190301060676575,0.601690948009491,0.8075506687164307,241.3467676639557
37,0.5381622910499573,0.8229588866233826,0.6097612977027893,0.8075506687164307,241.61748123168945
38,0.542847752571106,0.8214855790138245,0.5869892835617065,0.8204419612884521,241.68774271011353
39,0.5337605476379395,0.8240638375282288,0.5963937044143677,0.8093922734260559,241.5744924545288
40,0.5324926376342773,0.823449969291687,0.5849340558052063,0.8057090044021606,241.92405915260315
