epoch,train_loss,train_acc,val_loss,val_acc,time
1,1.492409348487854,0.579373836517334,1.2595468759536743,0.6243094205856323,196.35686707496643
2,1.2051525115966797,0.6413750648498535,2.074308395385742,0.549723744392395,193.96273350715637
3,1.136518955230713,0.6557397246360779,1.4955464601516724,0.6390423774719238,193.9205014705658
4,1.0912889242172241,0.664702296257019,1.4911940097808838,0.6325966715812683,193.87738394737244
5,1.0420958995819092,0.6691221594810486,1.4490609169006348,0.6593002080917358,194.02250146865845
6,1.0502692461013794,0.6705954670906067,1.3904396295547485,0.6464088559150696,193.91530895233154
7,1.0374540090560913,0.679926335811615,1.490016222000122,0.6436464190483093,194.06835341453552
8,1.01797616481781,0.676365852355957,1.316099762916565,0.6593002080917358,193.93428564071655
9,1.0403938293457031,0.6746470332145691,1.3211307525634766,0.6510128974914551,193.95868182182312
10,0.9888808727264404,0.683118462562561,1.4164992570877075,0.6344382762908936,193.9643247127533
11,0.9858503937721252,0.6815224289894104,1.34038507938385,0.6593002080917358,193.9920072555542
12,0.9782496094703674,0.6871700286865234,1.4286894798278809,0.6473296284675598,193.98813343048096
13,0.9944295287132263,0.6793124675750732,1.383008360862732,0.6482504606246948,194.03230810165405
14,0.9931049346923828,0.676734209060669,1.4879684448242188,0.6390423774719238,193.98731088638306
15,0.9915280938148499,0.684223473072052,1.39289391040802,0.6298342347145081,193.9107494354248
16,0.9713478684425354,0.6882750391960144,1.414821743965149,0.6574585437774658,193.93611788749695
17,1.0126771926879883,0.6871700286865234,1.4465901851654053,0.6445671916007996,193.88323378562927
18,0.9967511892318726,0.6854512095451355,1.4711023569107056,0.6399631500244141,193.88750290870667
19,0.9659505486488342,0.6853284239768982,1.4314366579055786,0.6372007131576538,193.7966935634613
20,0.9797877669334412,0.6861878633499146,1.4368265867233276,0.6436464190483093,193.84133958816528
21,1.0077989101409912,0.6828729510307312,1.399882435798645,0.6243094205856323,193.93552565574646
22,1.063872218132019,0.682381808757782,1.5176372528076172,0.6316758990287781,193.84160709381104
23,1.0524166822433472,0.6813996434211731,1.6421959400177002,0.6372007131576538,193.86598658561707
24,1.0853033065795898,0.6827501654624939,2.434379816055298,0.6537753343582153,193.81860494613647
25,1.0683265924453735,0.671454906463623,2.7887344360351562,0.6316758990287781,193.87939381599426
